Paste of run from console------------------

How many countries do you want to add to the list?
5
List of countries:  Middle East & North Africa (all income levels)
  0.0 0.0 0.0 0.0 0.0 0.0 0.0 0.0 0.0 0.0 0.0 0.0 0.0 0.0 0.0 0.0 0.0 0.0 0.0 0.
0 0.0 0.0 0.001270582 0.001884193 0.002530455 0.004114081 0.010390566 0.01584546
9 0.017983137 0.02607829 0.040852033 0.060096401 0.072052631 0.098930511 0.14892
1586 0.346883773 0.712470885 1.214199317 1.707179743 2.476591392 4.616647347 7.6
19606522 10.37697167 13.45635873 18.62308736 28.65162516 41.01747779 56.76405278
 68.79413804 82.72177002 92.92326543 99.5937829 104.9497585
 
Namibia
  0.0 0.0 0.0 0.0 0.0 0.0 0.0 0.0 0.0 0.0 0.0 0.0 0.0 0.0 0.0 0.0 0.0 0.0 0.0 0.
0 0.0 0.0 0.0 0.0 0.0 0.0 0.0 0.0 0.0 0.0 0.0 0.0 0.0 0.0 0.0 0.211580847 0.3896
0681 0.711047806 1.077515349 1.615379272 4.320444184 5.519649642 7.659693112 11.
28946209 14.28104347 22.14362322 29.65740203 38.46157543 49.83913613 76.11744914
 89.49525165 98.95730464 95.01813098
 
Slovak Republic
  0.0 0.0 0.0 0.0 0.0 0.0 0.0 0.0 0.0 0.0 0.0 0.0 0.0 0.0 0.0 0.0 0.0 0.0 0.0 0.
0 0.0 0.0 0.0 0.0 0.0 0.0 0.0 0.0 0.0 0.0 0.0 0.002246115 0.02890518 0.058573645
 0.111129032 0.22963108 0.53343499 3.720696079 8.644120373 12.32871626 23.083401
85 39.85063974 54.25817009 68.28425592 79.34105099 84.2137302 90.65912525 112.25
26739 101.9316827 101.3396205 109.04722 109.9775874 111.9121915
 
Caribbean small states
  0.0 0.0 0.0 0.0 0.0 0.0 0.0 0.0 0.0 0.0 0.0 0.0 0.0 0.0 0.0 0.0 0.0 0.0 0.0 0.
0 0.0 0.0 0.0 0.0 0.0 0.0 0.0 0.0 0.0 0.0 0.034895138 0.098208486 0.23187363 0.4
07774046 0.630540948 1.09438499 1.375131879 1.732894935 2.257219077 4.110624057 
11.20844431 18.84024547 31.43276044 43.08084244 55.34427778 65.16617643 82.94775
753 94.7815549 103.9363771 111.0521354 114.477539 108.5046715 103.8507776
 
Latvia
  0.0 0.0 0.0 0.0 0.0 0.0 0.0 0.0 0.0 0.0 0.0 0.0 0.0 0.0 0.0 0.0 0.0 0.0 0.0 0.
0 0.0 0.0 0.0 0.0 0.0 0.0 0.0 0.0 0.0 0.0 0.0 0.0 0.039328979 0.14794034 0.33118
9288 0.603017378 1.159335396 3.166808235 6.935166587 11.45715573 16.92073434 28.
00633094 39.58103986 53.30713618 68.06697415 84.02031102 99.37820811 102.3002948
 107.4991886 109.0545685 110.3123196 111.3637843 112.112629
 

Now adding the countries in the Country List at specified location.

New Country  Latvia is added at the begining of the list.
The details are: 
Latvia
  0.0 0.0 0.0 0.0 0.0 0.0 0.0 0.0 0.0 0.0 0.0 0.0 0.0 0.0 0.0 0.0 0.0 0.0 0.0 0.
0 0.0 0.0 0.0 0.0 0.0 0.0 0.0 0.0 0.0 0.0 0.0 0.0 0.039328979 0.14794034 0.33118
9288 0.603017378 1.159335396 3.166808235 6.935166587 11.45715573 16.92073434 28.
00633094 39.58103986 53.30713618 68.06697415 84.02031102 99.37820811 102.3002948
 107.4991886 109.0545685 110.3123196 111.3637843 112.112629

New Country  Middle East & North Africa (all income levels) is added in the midd
le of the list.
The details are: 
Middle East & North Africa (all income levels)
  0.0 0.0 0.0 0.0 0.0 0.0 0.0 0.0 0.0 0.0 0.0 0.0 0.0 0.0 0.0 0.0 0.0 0.0 0.0 0.
0 0.0 0.0 0.001270582 0.001884193 0.002530455 0.004114081 0.010390566 0.01584546
9 0.017983137 0.02607829 0.040852033 0.060096401 0.072052631 0.098930511 0.14892
1586 0.346883773 0.712470885 1.214199317 1.707179743 2.476591392 4.616647347 7.6
19606522 10.37697167 13.45635873 18.62308736 28.65162516 41.01747779 56.76405278
 68.79413804 82.72177002 92.92326543 99.5937829 104.9497585

New Country  Slovak Republic is added at the end of the list.
The details are: 
Slovak Republic
  0.0 0.0 0.0 0.0 0.0 0.0 0.0 0.0 0.0 0.0 0.0 0.0 0.0 0.0 0.0 0.0 0.0 0.0 0.0 0.
0 0.0 0.0 0.0 0.0 0.0 0.0 0.0 0.0 0.0 0.0 0.0 0.002246115 0.02890518 0.058573645
 0.111129032 0.22963108 0.53343499 3.720696079 8.644120373 12.32871626 23.083401
85 39.85063974 54.25817009 68.28425592 79.34105099 84.2137302 90.65912525 112.25
26739 101.9316827 101.3396205 109.04722 109.9775874 111.9121915


What country do you want to search for?
namibia
Country namibia found with details:
Namibia
  0.0 0.0 0.0 0.0 0.0 0.0 0.0 0.0 0.0 0.0 0.0 0.0 0.0 0.0 0.0 0.0 0.0 0.0 0.0 0.
0 0.0 0.0 0.0 0.0 0.0 0.0 0.0 0.0 0.0 0.0 0.0 0.0 0.0 0.0 0.0 0.211580847 0.3896
0681 0.711047806 1.077515349 1.615379272 4.320444184 5.519649642 7.659693112 11.
28946209 14.28104347 22.14362322 29.65740203 38.46157543 49.83913613 76.11744914
 89.49525165 98.95730464 95.01813098

How many countries do you want to add to the list?
8
List of countries:  United Kingdom
  0.0 0.0 0.0 0.0 0.0 0.0 0.0 0.0 0.0 0.0 0.0 0.0 0.0 0.0 0.0 0.0 0.0 0.0 0.0 0.
0 0.0 0.0 0.0 0.0 0.0 0.088469175 0.229588144 0.510974391 0.984128589 1.70875529
6 1.947059624 2.196366801 2.619945977 3.932425055 6.812778164 9.889762431 12.460
95848 15.15254531 25.41757307 46.28415293 73.70811816 78.20217751 82.83088603 90
.88455695 99.50619762 108.5920211 115.6002598 121.1018108 125.112291 130.0719746
 133.2155024 134.0783687 135.2863744
 
Central African Republic
  0.0 0.0 0.0 0.0 0.0 0.0 0.0 0.0 0.0 0.0 0.0 0.0 0.0 0.0 0.0 0.0 0.0 0.0 0.0 0.
0 0.0 0.0 0.0 0.0 0.0 0.0 0.0 0.0 0.0 0.0 0.0 0.0 0.0 0.0 0.0 0.001343226 0.0319
67296 0.040003118 0.046681951 0.116598212 0.136519203 0.296972634 0.334461655 1.
04448569 1.540992322 2.524680647 2.728105589 8.278756443 13.61972672 20.24357708
 22.51148929 22.37140338 25.26102109
 
Bangladesh
  0.0 0.0 0.0 0.0 0.0 0.0 0.0 0.0 0.0 0.0 0.0 0.0 0.0 0.0 0.0 0.0 0.0 0.0 0.0 0.
0 0.0 0.0 0.0 0.0 0.0 0.0 0.0 0.0 0.0 0.0 0.0 0.0 2.22359E-4 4.3517E-4 9.40619E-
4 0.0020856 0.00326795 0.020809104 0.058833439 0.114644643 0.210751714 0.3859585
23 0.784635571 0.980702181 1.969454675 6.28776238 13.20573922 23.46762823 30.168
28408 34.35334451 44.94535882 55.19256723 62.82023906
 
Seychelles
  0.0 0.0 0.0 0.0 0.0 0.0 0.0 0.0 0.0 0.0 0.0 0.0 0.0 0.0 0.0 0.0 0.0 0.0 0.0 0.
0 0.0 0.0 0.0 0.0 0.0 0.0 0.0 0.0 0.0 0.0 0.0 0.0 0.0 0.0 0.0 0.066283987 1.3653
44085 2.911640081 6.663157489 20.72662602 32.5431845 45.23571702 54.14654223 58.
45424969 63.40334224 67.52015064 79.7415259 86.69867839 103.9754399 122.1811277 
128.9218051 137.903463 147.8032034
 
Niger
  0.0 0.0 0.0 0.0 0.0 0.0 0.0 0.0 0.0 0.0 0.0 0.0 0.0 0.0 0.0 0.0 0.0 0.0 0.0 0.
0 0.0 0.0 0.0 0.0 0.0 0.0 0.0 0.0 0.0 0.0 0.0 0.0 0.0 0.0 0.0 0.0 0.0 9.94962E-4
 0.013205028 0.020686548 0.018708231 0.018654958 0.48692184 0.672145676 1.356695
235 2.456446921 3.530777893 6.339238428 12.8758415 16.9836557 23.0821922 28.7247
6707 31.44796172
 
Sierra Leone
  0.0 0.0 0.0 0.0 0.0 0.0 0.0 0.0 0.0 0.0 0.0 0.0 0.0 0.0 0.0 0.0 0.0 0.0 0.0 0.
0 0.0 0.0 0.0 0.0 0.0 0.0 0.0 0.0 0.0 0.0 0.0 0.0 0.0 0.0 0.0 0.0 0.0 0.0 0.0 0.
0 0.288422726 0.626096017 1.491192948 2.402285029 0.0 0.0 0.0 14.3278776 18.2352
6126 20.56306639 34.77065968 36.43343754 36.96439058
 
Northern Mariana Islands
  0.0 0.0 0.0 0.0 0.0 0.0 0.0 0.0 0.0 0.0 0.0 0.0 0.0 0.0 0.0 0.0 0.0 0.0 0.0 0.
0 0.0 0.0 0.0 0.0 0.0 0.0 0.0 0.0 0.0 0.0 0.0 0.0 0.0 1.404451266 1.395552475 2.
086303418 0.0 0.0 0.0 4.31835412 4.383785837 19.18130694 25.01788347 27.55839081
 30.95414481 0.0 0.0 0.0 0.0 0.0 0.0 0.0 0.0
 
Israel
  0.0 0.0 0.0 0.0 0.0 0.0 0.0 0.0 0.0 0.0 0.0 0.0 0.0 0.0 0.0 0.0 0.0 0.0 0.0 0.
0 0.0 0.0 0.0 0.0 0.0 0.0 0.0 0.0 0.0 0.0 0.338729821 0.495518787 0.75107401 1.2
93391516 2.583802439 8.354980904 19.09479005 29.70554874 37.24716556 48.88595196
 73.16613652 89.73880798 100.9785288 104.2462475 111.6505837 117.4648609 124.338
8396 128.454728 126.3854986 124.0341367 122.7836679 121.9782701 120.6843884
 

Now adding the countries in the Country List at specified location.

New Country  Israel is added at the begining of the list.
The details are: 
Israel
  0.0 0.0 0.0 0.0 0.0 0.0 0.0 0.0 0.0 0.0 0.0 0.0 0.0 0.0 0.0 0.0 0.0 0.0 0.0 0.
0 0.0 0.0 0.0 0.0 0.0 0.0 0.0 0.0 0.0 0.0 0.338729821 0.495518787 0.75107401 1.2
93391516 2.583802439 8.354980904 19.09479005 29.70554874 37.24716556 48.88595196
 73.16613652 89.73880798 100.9785288 104.2462475 111.6505837 117.4648609 124.338
8396 128.454728 126.3854986 124.0341367 122.7836679 121.9782701 120.6843884

New Country  United Kingdom is added in the middle of the list.
The details are: 
United Kingdom
  0.0 0.0 0.0 0.0 0.0 0.0 0.0 0.0 0.0 0.0 0.0 0.0 0.0 0.0 0.0 0.0 0.0 0.0 0.0 0.
0 0.0 0.0 0.0 0.0 0.0 0.088469175 0.229588144 0.510974391 0.984128589 1.70875529
6 1.947059624 2.196366801 2.619945977 3.932425055 6.812778164 9.889762431 12.460
95848 15.15254531 25.41757307 46.28415293 73.70811816 78.20217751 82.83088603 90
.88455695 99.50619762 108.5920211 115.6002598 121.1018108 125.112291 130.0719746
 133.2155024 134.0783687 135.2863744

New Country  Niger is added at the end of the list.
The details are: 
Niger
  0.0 0.0 0.0 0.0 0.0 0.0 0.0 0.0 0.0 0.0 0.0 0.0 0.0 0.0 0.0 0.0 0.0 0.0 0.0 0.
0 0.0 0.0 0.0 0.0 0.0 0.0 0.0 0.0 0.0 0.0 0.0 0.0 0.0 0.0 0.0 0.0 0.0 9.94962E-4
 0.013205028 0.020686548 0.018708231 0.018654958 0.48692184 0.672145676 1.356695
235 2.456446921 3.530777893 6.339238428 12.8758415 16.9836557 23.0821922 28.7247
6707 31.44796172


What country do you want to search for?
nepal
Country nepal not found.
How many countries do you want to add to the list?
2
List of countries:  Malta
  0.0 0.0 0.0 0.0 0.0 0.0 0.0 0.0 0.0 0.0 0.0 0.0 0.0 0.0 0.0 0.0 0.0 0.0 0.0 0.
0 0.0 0.0 0.0 0.0 0.0 0.0 0.0 0.0 0.0 0.0 0.0 0.600709786 0.911762254 1.36557815
5 1.912899318 2.727651884 3.135205093 4.407620841 5.581290502 9.253024283 28.082
41867 58.52032186 67.44548628 70.42230263 74.0777404 78.11509185 83.24155512 88.
03028855 91.64440727 99.81341872 107.2611822 122.3737909 126.9618294
 
High income
  0.0 0.0 0.0 0.0 0.0 0.0 0.0 0.0 0.0 0.0 0.0 0.0 0.0 0.0 0.0 0.0 0.0 0.0 0.0 0.
0 0.0 0.007748622 0.012278588 0.018752892 0.03235492 0.074677229 0.132067721 0.2
28674193 0.384445082 0.647621117 0.952526473 1.357011454 1.889971761 2.697400017
 4.23464484 6.698653747 10.46336781 14.80289472 21.29094531 31.27443716 43.65920
394 51.8105222 57.4646691 64.2426039 73.2152989 83.3629536 92.59908023 101.56385
79 107.8213715 113.0344527 115.4947056 120.5037451 122.9273856
 

Now adding the countries in the Country List at specified location.

New Country  High income is added at the begining of the list.
The details are: 
High income
  0.0 0.0 0.0 0.0 0.0 0.0 0.0 0.0 0.0 0.0 0.0 0.0 0.0 0.0 0.0 0.0 0.0 0.0 0.0 0.
0 0.0 0.007748622 0.012278588 0.018752892 0.03235492 0.074677229 0.132067721 0.2
28674193 0.384445082 0.647621117 0.952526473 1.357011454 1.889971761 2.697400017
 4.23464484 6.698653747 10.46336781 14.80289472 21.29094531 31.27443716 43.65920
394 51.8105222 57.4646691 64.2426039 73.2152989 83.3629536 92.59908023 101.56385
79 107.8213715 113.0344527 115.4947056 120.5037451 122.9273856

New Country  Malta is added in the middle of the list.
The details are: 
Malta
  0.0 0.0 0.0 0.0 0.0 0.0 0.0 0.0 0.0 0.0 0.0 0.0 0.0 0.0 0.0 0.0 0.0 0.0 0.0 0.
0 0.0 0.0 0.0 0.0 0.0 0.0 0.0 0.0 0.0 0.0 0.0 0.600709786 0.911762254 1.36557815
5 1.912899318 2.727651884 3.135205093 4.407620841 5.581290502 9.253024283 28.082
41867 58.52032186 67.44548628 70.42230263 74.0777404 78.11509185 83.24155512 88.
03028855 91.64440727 99.81341872 107.2611822 122.3737909 126.9618294

New Country  High income is added at the end of the list.
The details are: 
High income
  0.0 0.0 0.0 0.0 0.0 0.0 0.0 0.0 0.0 0.0 0.0 0.0 0.0 0.0 0.0 0.0 0.0 0.0 0.0 0.
0 0.0 0.007748622 0.012278588 0.018752892 0.03235492 0.074677229 0.132067721 0.2
28674193 0.384445082 0.647621117 0.952526473 1.357011454 1.889971761 2.697400017
 4.23464484 6.698653747 10.46336781 14.80289472 21.29094531 31.27443716 43.65920
394 51.8105222 57.4646691 64.2426039 73.2152989 83.3629536 92.59908023 101.56385
79 107.8213715 113.0344527 115.4947056 120.5037451 122.9273856


What country do you want to search for?
malta
Country malta found with details:
Malta
  0.0 0.0 0.0 0.0 0.0 0.0 0.0 0.0 0.0 0.0 0.0 0.0 0.0 0.0 0.0 0.0 0.0 0.0 0.0 0.
0 0.0 0.0 0.0 0.0 0.0 0.0 0.0 0.0 0.0 0.0 0.0 0.600709786 0.911762254 1.36557815
5 1.912899318 2.727651884 3.135205093 4.407620841 5.581290502 9.253024283 28.082
41867 58.52032186 67.44548628 70.42230263 74.0777404 78.11509185 83.24155512 88.
03028855 91.64440727 99.81341872 107.2611822 122.3737909 126.9618294


Done with TestCountryList.
